30772
35108
57442
31333
23327
16687
59185
41287
15434
2540
62325
29282
40938
44696
49798
13683
21169
47663
33713
18957
2557
29053
13221
46836
20143
1209
55730
60789
1356
17071
63247
12518
2078
58551
64115
22999
35825
53713
52896
23568
64401
7620
4136
60513
47595
46611
16707
25062
50351
36678
35040
56257
35313
10476
30654
23293
51384
39559
45677
52810
63196
18272
44238
38085
11380
20287
17005
13494
54927
54955
33271
33972
40442
5764
34922
20404
50297
37212
36273
12616
20510
57414
65389
36059
23299
53815
41690
50038
49765
27605
37756
13753
52353
2669
42138
58740
38356
8228
14050
16889
42389
53497
13611
36340
48126
3247
21048
31727
9214
33094
12572
55614
49947
6206
12676
3338
5710
20301
46088
39879
57110
5882
53233
62945
43526
28645
22249
27675
38103
32126
19192
60402
59141
29692
29551
64600
39476
43741
54507
38206
55382
15824
31485
48505
37466
20428
13894
8279
35776
1921
56138
61742
52108
19804
52289
50586
8883
51856
32183
33049
2188
33287
31345
54422
10338
63494
43485
11409
44307
24558
13443
36579
16941
55674
63211
57423
23076
54149
40022
14317
6325
9001
700
21926
9249
63009
45064
28529
2348
14266
55530
26919
4595
17425
43699
8887
51141
24205
20257
62170
33192
37435
2544
7867
40278
46488
8060
19558
25676
52081
8547
37849
21389
63525
13508
7109
1
37347
50396
43441
13384
19471
28615
27516
3188
15731
22742
38987
47611
10051
10273
37725
35661
21450
2141
39356
45092
1950
52791
63310
45871
33653
63152
28107
35912
10102
24373
11168
41318
24415
529
5983
47343
37220
53072
41197
19292
38013
5290
61870
26015
63007
10665
37778
22122
6014
3961
14716
12232
28537
59514
40233
4521
54473
4765
44250
41505
60370
62332
61611
51922
49451
17795
62015
6384
21905
50616
64528
7254
50669
18629
3554
4915
43639
30484
58529
41001
59210
10946
19118
22951
7902
51555
5450
43024
12395
3894
41540
44583
6450
58317
57500
14665
25699
47458
56790
59101
19003
6854
2654
36578
12251
53129
24529
29240
26380
65014
59080
54069
39778
64973
50344
16822
4505
59582
40919
38450
51853
5561
20273
727
19812
32072
6991
50055
43104
59134
25451
24292
30125
50499
61011
32983
64945
54578
10386
45902
2847
11975
50616
26990
37487
7571
51682
21971
55015
16108
44141
4680
26378
22303
45941
182
53665
40741
41893
40514
51048
63115
38665
29866
62630
7523
4756
28627
62745
34525
64167
46918
40068
21131
44537
45738
27328
54970
37244
38432
27581
58829
39359
36086
18136
37292
42322
16363
44315
52959
45413
17755
16478
39921
25985
54821
3372
35885
5645
36797
41968
3730
1602
54082
8882
64893
23375
32871
15481
57564
14778
606
42534
30380
60988
23107
46713
9073
45626
36569
26770
43358
39973
35359
374
12433
2927
25461
4701
14311
28948
42554
28473
23632
44676
43469
29395
7868
32788
13964
54475
32469
907
48194
45451
42277
35243
24465
48492
10716
34961
17849
739
12576
57122
18045
54248
31252
13621
39871
39235
11651
21390
11049
781
15382
59333
39158
27868
11502
34213
49442
29218
35852
30475
24279
7177
38678
20435
18076
28322
11839
27245
28469
38556
31072
46634
13635
34976
40496
18438
32519
32422
34561
15372
11806
41871
14573
57038
15719
10650
61426
9657
61192
33110
63163
61697
2769
62663
31104
52252
46446
23021
57180
10589
17919
12429
11848
54140
28500
26098
50039
21473
25864
15836
3809
51187
32986
57055
52465
26911
35459
39366
26501
23756
45493
56288
10044
6500
42985
31551
53881
20013
2908
40564
22509
11046
34672
22364
31252
44710
3558
22088
57117
11924
18704
6299
57480
15510
42694
8199
24157
48692
63356
5653
20203
13691
49643
1805
54352
49884
56121
57241
4114
65425
8962
7717
29232
63367
6941
50196
51004
60525
29114
22489
12227
14274
2779
36814
34221
18786
2412
41715
35219
63937
16753
24653
48542
60649
10617
62505
50283
45894
12948
37878
54337
29275
39224
21027
43119
52987
36723
52154
57253
24490
44886
44377
58691
17891
9323
44388
4288
33525
61939
18783
14376
59128
17030
38229
25844
61471
12780
49593
64511
54580
1250
44742
32204
10435
6417
16448
651
51836
60243
63963
59586
9008
41024
20392
30071
15425
21729
40738
46167
5963
51096
53450
1261
38090
24060
36936
60107
12913
14415
64938
55489
21101
34677
56859
28211
38347
11475
4455
36998
1090
21671
23588
48324
19628
6454
8331
7685
51715
49243
8824
22422
15063
4902
59754
27896
13096
336
16007
57650
23772
58852
59521
39418
6004
39019
27638
35993
5858
5102
51474
61965
18824
3073
65261
8386
47237
50538
24150
4904
53801
1227
16721
42908
52906
51060
44569
19886
47431
47696
25800
56081
22124
19931
14737
54732
16390
48640
54174
34223
26244
7676
40379
27396
54605
15669
6865
22499
28353
9917
55460
56188
64653
50127
57314
9703
49043
20188
64845
12242
54496
25143
21804
7640
42396
28690
58407
23420
60576
56046
26607
18592
2012
2742
29263
1289
37909
9453
29501
37769
8425
15092
26118
22725
61420
8592
39810
46019
40514
56758
13064
57222
41587
56777
5714
28710
10935
41159
24004
704
250
6083
35501
16628
11111
61169
61600
15881
28846
2889
26114
49274
16613
17913
6838
64954
46302
47259
31353
6837
61547
35280
50118
53598
44683
62058
31586
34161
45883
21851
58696
59397
19344
33085
62679
52611
35990
7829
50387
50111
10732
37753
11240
12552
12513
16654
49223
45265
49635
33461
60624
4576
47844
42733
14452
54371
49146
45111
44326
34485
58941
54786
19241
38330
38434
56228
36856
29784
51312
39835
31193
48197
12660
57425
51774
42049
3121
28428
3676
56326
12378
14015
40488
16498
50380
59449
2914
37153
60195
61734
42011
14361
2503
21640
47775
39580
7989
11044
24696
21407
44339
35332
30427
7069
4980
3563
13680
10769
35121
38300
9301
10665
39564
39814
39045
48400
5032
50887
58929
21937
28211
27929
4990
15260
8509
59393
991
3326
64659
28965
239
20365
757
10451
40367
34360
59245
32826
9365
25717
29733
23406
50178
28194
8874
20388
14375
35386
8332
44299
49350
44736
54894
58109
17764
61631
58560
60810
59203
31506
59091
7849
11895
32076
19788
53257
2634
16516
18928
34473
5634
42395
17183
19321
52566
16064
8910
34391
28760
36796
17971
26450
24898
19870
61029
55008
26568
28973
4490
